0 0.402814 0 0.014049 0 0 0 0 0.416863
0 0.491598 0 0.009487 0 0 0 0 0.501085
0 0.468391 0 0.013035 0 0 0 0 0.481426
0 0.462038 0 0.012082 0 0 0 0 0.47412
0 0.469629 0 0.011877 0 0 0 0 0.481506
0 0.452541 0 0.014509 0 0 0 0 0.46705
0 0.52633 0 0.009155 0 0 0 0 0.535485
0 0.511442 0 0.008802 0 0 0 0 0.520244
0 0.492488 0 0.009035 0 0 0 0 0.501523
0 0.498065 0 0.008376 0 0 0 0 0.506441
0 0.467825 0 0.009682 0 0 0 0 0.477507
0 0.468887 0 0.013855 0 0 0 0 0.482742
0 0.50766 0 0.00888 0 0 0 0 0.51654
0 0.516373 0 0.171998 0 0 0 0 0.688371
0 0.5566 0 0.241413 0 0 0 0 0.798013
0 0.495732 0 0.333017 0 0 0 0 0.828749
0 0.503615 0 0.389064 0 0 0 0 0.892679
0 0.507512 0 0.397889 0 0 0 0 0.905401
0 0.494935 0 0.392607 0 0 0 0 0.887542
0 0.538795 0 0.401251 0 0 0 0 0.940046
